# unix_time, cycles_done, cur_path, paths_total, pending_total, pending_favs, map_size, unique_crashes, unique_hangs, max_depth, execs_per_sec
1521608455, 0, 0, 1, 1, 1, 0.73%, 0, 0, 1, 1600.00
1521608460, 0, 0, 46, 46, 1, 0.79%, 0, 0, 2, 2135.71
1521608465, 0, 0, 57, 57, 1, 0.80%, 0, 0, 2, 2326.05
1521608471, 0, 0, 62, 62, 1, 0.81%, 0, 0, 2, 2422.42
1521608476, 0, 0, 201, 201, 1, 0.89%, 0, 0, 2, 2401.19
1521608481, 0, 0, 212, 212, 1, 0.90%, 0, 0, 2, 2417.11
1521608486, 0, 3, 221, 220, 26, 0.90%, 0, 0, 2, 2487.61
1521608501, 0, 8, 221, 219, 26, 0.90%, 0, 0, 2, 2823.10
1521608516, 0, 20, 221, 218, 26, 0.90%, 0, 0, 2, 2632.20
1521608532, 0, 27, 221, 217, 25, 0.90%, 0, 0, 2, 2392.11
1521608547, 0, 37, 221, 216, 25, 0.90%, 0, 0, 2, 2327.14
1521608567, 0, 40, 222, 216, 25, 0.90%, 0, 0, 3, 2335.01
1521608572, 0, 40, 223, 217, 25, 0.90%, 0, 0, 3, 2292.23
1521608583, 0, 41, 223, 216, 25, 0.90%, 0, 0, 3, 2325.04
1521608603, 0, 49, 223, 215, 24, 0.90%, 0, 0, 3, 2267.08
1521608618, 0, 49, 227, 219, 24, 0.90%, 0, 0, 3, 2358.31
1521608623, 0, 49, 229, 221, 24, 0.90%, 0, 0, 3, 2377.16
1521608633, 0, 50, 229, 220, 25, 0.90%, 0, 0, 3, 2299.66
1521608649, 0, 105, 229, 219, 24, 0.90%, 0, 0, 3, 2648.28
1521608669, 0, 120, 229, 218, 23, 0.90%, 0, 0, 3, 2887.54
1521608679, 0, 140, 231, 219, 23, 0.90%, 0, 0, 3, 2874.34
1521608684, 0, 140, 233, 221, 23, 0.90%, 0, 0, 3, 2993.47
1521608689, 0, 141, 233, 220, 22, 0.90%, 0, 0, 3, 2793.26
1521608699, 0, 147, 234, 220, 21, 0.90%, 0, 0, 3, 2728.61
1521608710, 0, 147, 235, 221, 21, 0.90%, 0, 0, 3, 2829.92
1521608715, 0, 165, 236, 221, 21, 0.91%, 0, 0, 3, 2544.66
1521608725, 0, 165, 237, 222, 21, 0.91%, 0, 0, 3, 2386.92
1521608730, 0, 166, 237, 221, 20, 0.91%, 0, 0, 3, 2527.18
1521608740, 0, 171, 238, 221, 19, 0.91%, 0, 0, 3, 2677.46
1521608755, 0, 188, 238, 219, 17, 0.91%, 0, 0, 3, 2327.58
1521608765, 0, 188, 240, 221, 17, 0.91%, 0, 0, 3, 2719.43
1521608771, 0, 190, 240, 220, 16, 0.91%, 0, 0, 3, 2887.22
1521608776, 0, 195, 240, 219, 15, 0.91%, 0, 0, 3, 2722.00
1521608786, 0, 195, 241, 220, 15, 0.91%, 0, 0, 3, 2356.46
1521608791, 0, 195, 243, 222, 15, 0.91%, 0, 0, 3, 2341.95
1521608796, 0, 199, 243, 221, 14, 0.91%, 0, 0, 3, 2711.26
1521608801, 0, 199, 246, 224, 14, 0.91%, 0, 0, 3, 2845.17
1521608806, 0, 205, 250, 227, 14, 0.91%, 0, 0, 3, 1779.22
1521608811, 0, 205, 252, 229, 14, 0.91%, 1, 0, 3, 1257.78
1521608817, 0, 205, 256, 233, 14, 0.91%, 1, 0, 3, 1115.07
1521608822, 0, 205, 257, 234, 14, 0.91%, 1, 0, 3, 1126.38
1521608827, 0, 205, 259, 236, 14, 0.91%, 1, 0, 3, 1159.52
1521608847, 0, 205, 261, 238, 14, 0.91%, 1, 0, 3, 1060.33
1521608857, 0, 205, 263, 240, 14, 0.91%, 1, 0, 3, 813.60
1521608862, 0, 205, 284, 261, 14, 0.91%, 2, 0, 3, 1062.68
1521608867, 0, 205, 289, 266, 14, 0.91%, 3, 0, 3, 1133.27
1521608872, 0, 205, 294, 271, 14, 0.91%, 5, 0, 3, 1156.74
1521608877, 0, 205, 297, 274, 14, 0.91%, 7, 0, 3, 1159.96
1521608883, 0, 206, 298, 274, 14, 0.91%, 8, 0, 3, 1761.75
1521608893, 0, 207, 298, 273, 13, 0.91%, 8, 0, 3, 1991.94
1521608903, 0, 211, 298, 272, 12, 0.91%, 8, 0, 3, 2632.41
1521608908, 0, 216, 298, 271, 11, 0.91%, 8, 0, 3, 3021.07
1521608913, 0, 218, 298, 270, 10, 0.91%, 8, 0, 3, 2654.57
1521608924, 0, 220, 298, 269, 9, 0.91%, 8, 0, 3, 2492.27
1521608939, 0, 222, 298, 268, 8, 0.91%, 8, 0, 3, 2342.42
1521608954, 0, 222, 299, 269, 8, 0.91%, 8, 0, 4, 2321.75
1521608959, 0, 228, 299, 268, 7, 0.91%, 8, 0, 4, 2237.55
1521608980, 0, 228, 300, 269, 7, 0.91%, 8, 0, 4, 2180.55
1521608985, 0, 230, 300, 268, 6, 0.91%, 8, 0, 4, 2643.20
1521608995, 0, 232, 302, 269, 7, 0.91%, 8, 0, 4, 2834.36
1521609000, 0, 234, 302, 268, 6, 0.91%, 8, 0, 4, 2990.66
1521609015, 0, 234, 306, 272, 6, 0.91%, 8, 0, 4, 2768.32
1521609020, 0, 246, 306, 271, 9, 0.91%, 8, 0, 4, 2848.52
1521609025, 0, 246, 307, 272, 9, 0.91%, 8, 0, 4, 3016.20
1521609030, 0, 259, 307, 271, 8, 0.91%, 8, 0, 4, 1750.71
1521609036, 0, 259, 307, 271, 8, 0.91%, 9, 0, 4, 1032.36
1521609071, 0, 259, 308, 272, 8, 0.91%, 9, 0, 4, 901.34
1521609076, 0, 301, 309, 272, 7, 0.91%, 9, 0, 4, 1204.77
1521609086, 0, 301, 310, 273, 7, 0.91%, 9, 0, 5, 1812.52
1521609097, 0, 301, 311, 274, 7, 0.91%, 9, 0, 5, 1994.65
1521609102, 0, 302, 312, 274, 7, 0.91%, 9, 0, 5, 1293.74
1521609107, 0, 302, 312, 274, 7, 0.91%, 10, 0, 5, 1319.18
1521609137, 0, 302, 314, 276, 7, 0.91%, 10, 0, 5, 949.08
1521609153, 0, 302, 324, 286, 7, 0.91%, 10, 0, 5, 1508.01
1521609158, 0, 302, 329, 291, 7, 0.91%, 10, 0, 5, 1555.89
1521609168, 0, 303, 329, 290, 9, 0.91%, 10, 0, 5, 2528.26
1521609178, 0, 304, 329, 289, 8, 0.91%, 10, 0, 5, 2883.75
1521609194, 0, 305, 329, 288, 7, 0.91%, 10, 0, 5, 2860.91
1521609204, 0, 306, 329, 287, 6, 0.91%, 10, 0, 5, 2265.07
1521609209, 0, 306, 332, 290, 6, 0.91%, 11, 0, 5, 1556.39
1521609219, 0, 306, 333, 291, 6, 0.91%, 11, 0, 5, 1288.16
1521609224, 0, 306, 334, 292, 6, 0.91%, 11, 0, 5, 1158.18
1521609229, 0, 306, 337, 295, 6, 0.91%, 11, 0, 5, 1446.89
1521609249, 0, 309, 337, 294, 6, 0.91%, 11, 0, 5, 1899.49
1521609264, 0, 309, 338, 295, 6, 0.91%, 11, 0, 6, 1995.62
1521609269, 0, 318, 338, 294, 6, 0.91%, 11, 0, 6, 2082.23
1521609280, 0, 318, 340, 296, 6, 0.91%, 11, 0, 6, 2308.95
1521609285, 0, 321, 340, 295, 5, 0.91%, 12, 0, 6, 1537.94
1521609315, 0, 325, 346, 300, 4, 0.91%, 12, 0, 6, 2459.04
1521609320, 0, 325, 347, 301, 4, 0.91%, 12, 0, 6, 2759.08
1521609326, 0, 336, 347, 300, 4, 0.91%, 12, 0, 6, 2776.85
1521609331, 0, 337, 348, 300, 4, 0.91%, 12, 0, 6, 2770.11
1521609341, 0, 339, 348, 299, 3, 0.91%, 12, 0, 6, 2640.01
1521609346, 0, 339, 350, 301, 3, 0.91%, 13, 0, 7, 2696.55
1521609351, 0, 341, 350, 300, 2, 0.91%, 13, 0, 7, 2730.17
1521609361, 0, 347, 350, 299, 1, 0.91%, 13, 0, 7, 2203.62
1521609371, 1, 16, 350, 298, 0, 0.91%, 13, 0, 7, 1768.24
1521609397, 1, 19, 350, 297, 0, 0.91%, 13, 0, 7, 1559.39
1521609422, 1, 24, 350, 296, 0, 0.91%, 13, 0, 7, 2192.43
1521609443, 1, 25, 350, 295, 0, 0.91%, 13, 0, 7, 2235.75
1521609468, 1, 26, 351, 295, 0, 0.91%, 13, 0, 7, 2271.51
1521609488, 1, 54, 351, 294, 0, 0.91%, 13, 0, 7, 2663.50
1521609498, 1, 54, 351, 294, 0, 0.91%, 14, 0, 7, 2835.71
1521609504, 1, 57, 351, 293, 0, 0.91%, 14, 0, 7, 2678.04
1521609524, 1, 60, 351, 292, 0, 0.91%, 14, 0, 7, 2508.67
1521609544, 1, 63, 351, 291, 0, 0.91%, 14, 0, 7, 2361.97
1521609570, 1, 64, 351, 290, 0, 0.91%, 14, 0, 7, 1770.33
1521609600, 1, 66, 351, 289, 0, 0.91%, 14, 0, 7, 2240.89
1521609625, 1, 67, 351, 288, 0, 0.91%, 14, 0, 7, 1986.21
1521609650, 1, 69, 351, 287, 0, 0.91%, 14, 0, 7, 2216.26
1521609671, 1, 75, 351, 286, 0, 0.91%, 15, 0, 7, 2259.91
1521609686, 1, 76, 351, 285, 0, 0.91%, 15, 0, 7, 2497.61
1521609696, 1, 86, 351, 284, 0, 0.91%, 15, 0, 7, 2670.36
1521609711, 1, 91, 351, 283, 0, 0.91%, 15, 0, 7, 1862.02
1521609742, 1, 92, 351, 282, 0, 0.91%, 15, 0, 7, 1776.29
1521609752, 1, 94, 351, 281, 0, 0.91%, 16, 0, 7, 2550.26
1521609767, 1, 96, 351, 280, 0, 0.91%, 16, 0, 7, 2339.76
1521609782, 1, 99, 351, 279, 0, 0.91%, 16, 0, 7, 2324.75
1521609803, 1, 99, 351, 279, 0, 0.91%, 17, 0, 7, 2280.12
1521609808, 1, 107, 351, 278, 0, 0.91%, 17, 0, 7, 2521.21
1521609818, 1, 108, 351, 277, 0, 0.91%, 17, 0, 7, 2593.63
1521609838, 1, 110, 351, 276, 0, 0.91%, 17, 0, 7, 1698.38
1521609859, 1, 117, 351, 275, 0, 0.91%, 17, 0, 7, 1862.79
1521609864, 1, 124, 351, 274, 0, 0.91%, 17, 0, 7, 1904.31
1521609894, 1, 124, 351, 274, 0, 0.91%, 18, 0, 7, 2224.92
1521609899, 1, 126, 351, 273, 0, 0.91%, 18, 0, 7, 2535.48
1521609909, 1, 126, 351, 273, 0, 0.91%, 19, 0, 7, 2625.76
1521609914, 1, 130, 351, 272, 0, 0.91%, 19, 0, 7, 2597.35
1521609935, 1, 134, 351, 271, 0, 0.91%, 19, 0, 7, 2059.18
1521609940, 1, 153, 351, 270, 0, 0.91%, 19, 0, 7, 1871.70
1521609980, 1, 158, 351, 269, 0, 0.91%, 19, 0, 7, 2491.36
1521609991, 1, 159, 351, 268, 0, 0.91%, 19, 0, 7, 2107.46
1521610016, 1, 161, 351, 267, 0, 0.91%, 19, 0, 7, 1783.91
1521610037, 1, 169, 351, 266, 0, 0.91%, 19, 0, 7, 1899.79
1521610052, 1, 169, 352, 267, 0, 0.92%, 19, 0, 7, 1771.02
1521610057, 1, 289, 352, 266, 1, 0.92%, 19, 0, 7, 1065.23
1521610102, 1, 351, 352, 265, 1, 0.92%, 19, 0, 7, 2177.08
1521610118, 2, 1, 352, 264, 0, 0.92%, 19, 0, 7, 2376.45
1521610138, 2, 1, 353, 265, 0, 0.92%, 19, 0, 7, 1799.14
1521610143, 2, 1, 358, 270, 0, 0.94%, 19, 1, 7, 1542.76
1521610148, 2, 1, 358, 270, 0, 0.94%, 19, 4, 7, 58.33
1521610154, 2, 1, 358, 270, 0, 0.94%, 19, 6, 7, 219.33
1521610159, 2, 1, 358, 270, 0, 0.94%, 19, 8, 7, 1302.98
1521610164, 2, 1, 359, 271, 0, 0.94%, 19, 9, 7, 1436.97
1521610169, 2, 217, 360, 271, 3, 0.94%, 19, 9, 7, 1585.20
1521610185, 2, 353, 360, 270, 3, 0.94%, 19, 9, 7, 908.76
1521610663, 2, 353, 360, 270, 3, 0.94%, 20, 9, 7, 533.11
1521610683, 2, 353, 360, 270, 3, 0.94%, 20, 10, 7, 59.82
1521610688, 2, 353, 360, 270, 3, 0.94%, 20, 13, 7, 690.00
1521610693, 2, 354, 360, 269, 0, 0.94%, 20, 15, 7, 754.88
1521613688, 2, 354, 360, 269, 0, 0.94%, 21, 15, 7, 704.19
1521613693, 2, 354, 360, 269, 0, 0.94%, 22, 15, 7, 655.18
1521614366, 2, 354, 361, 270, 0, 0.94%, 22, 15, 7, 490.50
1521614372, 2, 354, 362, 271, 0, 0.94%, 22, 16, 7, 87.28
1521614377, 2, 354, 362, 271, 0, 0.94%, 22, 19, 7, 90.83
1521614382, 2, 357, 362, 270, 0, 0.94%, 22, 19, 7, 377.49
1521615709, 2, 357, 363, 271, 0, 0.94%, 22, 19, 7, 208.03
1521615714, 2, 359, 364, 271, 0, 0.94%, 22, 19, 7, 2066.58
1521615725, 2, 363, 365, 271, 0, 0.94%, 23, 19, 7, 2378.99
1521615740, 3, 5, 366, 271, 0, 0.94%, 23, 19, 7, 2294.42
1521615760, 3, 9, 366, 270, 0, 0.94%, 23, 19, 7, 2569.35
1521615780, 3, 13, 366, 269, 0, 0.94%, 23, 19, 7, 2434.86
1521615795, 3, 18, 366, 268, 0, 0.94%, 23, 19, 7, 2250.32
1521615811, 3, 23, 366, 267, 0, 0.94%, 23, 19, 7, 2154.35
1521615836, 3, 29, 366, 266, 0, 0.94%, 23, 19, 7, 2286.72
1521615856, 3, 31, 366, 265, 0, 0.94%, 23, 19, 7, 2262.16
1521615871, 3, 36, 366, 264, 0, 0.94%, 23, 19, 7, 2056.06
1521615886, 3, 38, 366, 263, 0, 0.94%, 23, 19, 7, 2055.69
1521615907, 3, 42, 366, 262, 0, 0.94%, 23, 19, 7, 2246.50
1521615922, 3, 42, 366, 262, 0, 0.94%, 24, 19, 7, 2341.24
1521615928, 3, 52, 366, 261, 0, 0.94%, 24, 19, 7, 2151.75
1521615943, 3, 62, 366, 260, 0, 0.94%, 24, 19, 7, 1926.12
1521615973, 3, 74, 366, 259, 0, 0.94%, 24, 19, 7, 2572.94
1521615984, 3, 82, 366, 258, 0, 0.94%, 24, 19, 7, 2540.99
1521615994, 3, 83, 366, 257, 0, 0.94%, 24, 20, 7, 2328.72
1521616020, 3, 85, 366, 256, 0, 0.94%, 24, 20, 7, 2306.21
1521616035, 3, 88, 366, 255, 0, 0.94%, 24, 20, 7, 2705.57
1521616045, 3, 103, 366, 254, 0, 0.94%, 24, 20, 7, 2241.83
1521616060, 3, 114, 366, 253, 0, 0.94%, 24, 20, 7, 2653.53
1521616071, 3, 115, 366, 252, 0, 0.94%, 24, 20, 7, 2809.85
1521616081, 3, 115, 366, 252, 0, 0.94%, 25, 20, 7, 2735.67
1521616086, 3, 135, 366, 251, 0, 0.94%, 25, 20, 7, 2264.81
1521616101, 3, 138, 366, 250, 0, 0.94%, 25, 20, 7, 2554.40
1521616106, 3, 139, 366, 249, 0, 0.94%, 25, 20, 7, 2728.66
1521616127, 3, 143, 366, 248, 0, 0.94%, 25, 20, 7, 2774.15
1521616137, 3, 143, 366, 248, 0, 0.94%, 27, 20, 7, 2831.30
1521616142, 3, 146, 366, 247, 0, 0.94%, 28, 20, 7, 2769.46
1521616152, 3, 150, 366, 246, 0, 0.94%, 28, 20, 7, 2475.14
1521616168, 3, 151, 366, 245, 0, 0.94%, 28, 20, 7, 2521.80
1521616178, 3, 152, 366, 244, 0, 0.94%, 28, 20, 7, 2850.08
1521616193, 3, 157, 366, 243, 0, 0.94%, 28, 20, 7, 2722.98
1521616203, 3, 164, 366, 242, 0, 0.94%, 28, 20, 7, 2259.43
1521616229, 3, 176, 366, 241, 0, 0.94%, 28, 20, 7, 1452.27
1521616244, 3, 194, 366, 240, 0, 0.94%, 28, 20, 7, 1681.44
1521616264, 3, 202, 366, 239, 0, 0.94%, 28, 20, 7, 1750.61
1521616320, 3, 203, 366, 238, 0, 0.94%, 28, 20, 7, 1663.68
1521616336, 3, 219, 366, 237, 0, 0.94%, 28, 21, 7, 2914.87
1521616346, 3, 236, 366, 236, 0, 0.94%, 28, 23, 7, 1363.35
1521616412, 3, 243, 366, 235, 0, 0.94%, 28, 23, 7, 1505.15
1521616422, 3, 258, 366, 234, 0, 0.94%, 28, 24, 7, 581.74
1521616473, 3, 261, 366, 233, 0, 0.94%, 28, 24, 7, 1279.12
1521616519, 3, 262, 366, 232, 0, 0.94%, 28, 24, 7, 1231.21
1521616565, 3, 265, 366, 231, 0, 0.94%, 28, 24, 7, 1214.95
1521616611, 3, 266, 366, 230, 0, 0.94%, 28, 24, 7, 1204.31
1521616647, 3, 272, 366, 229, 0, 0.94%, 28, 24, 7, 1057.09
1521616693, 3, 276, 366, 228, 0, 0.94%, 28, 24, 7, 1041.72
1521616718, 3, 278, 366, 227, 0, 0.94%, 28, 24, 7, 1254.05
1521616774, 3, 279, 366, 226, 0, 0.94%, 28, 24, 7, 1031.11
1521616779, 3, 279, 366, 226, 0, 0.94%, 29, 24, 7, 1105.07
1521616829, 3, 280, 366, 225, 0, 0.94%, 29, 24, 7, 1115.25
1521616880, 3, 284, 366, 224, 0, 0.94%, 29, 24, 7, 1176.81
1521616921, 3, 286, 366, 223, 0, 0.94%, 29, 24, 7, 1206.55
1521616946, 3, 287, 366, 222, 0, 0.94%, 29, 24, 7, 1271.82
1521616972, 3, 288, 366, 221, 0, 0.94%, 29, 24, 7, 1296.60
1521617003, 3, 292, 366, 220, 0, 0.94%, 29, 24, 7, 1281.53
1521617008, 3, 292, 369, 223, 0, 0.94%, 29, 24, 7, 1145.78
1521617013, 3, 292, 369, 223, 0, 0.94%, 30, 24, 7, 1146.57
1521617043, 3, 294, 369, 222, 0, 0.94%, 30, 24, 7, 2056.98
1521617059, 3, 300, 369, 221, 0, 0.94%, 30, 24, 7, 1806.32
1521617094, 3, 300, 370, 222, 0, 0.94%, 30, 24, 7, 1168.78
1521617100, 3, 300, 370, 222, 0, 0.94%, 31, 24, 7, 1234.93
1521617105, 3, 311, 370, 221, 0, 0.94%, 31, 25, 7, 1486.06
1521617146, 3, 313, 370, 220, 0, 0.94%, 31, 25, 7, 1260.70
1521617177, 3, 314, 370, 219, 0, 0.94%, 31, 25, 7, 1290.06
1521617207, 3, 314, 371, 220, 0, 0.94%, 31, 25, 7, 1240.18
1521617217, 3, 319, 371, 219, 0, 0.94%, 31, 25, 7, 1268.39
1521617243, 3, 321, 371, 218, 0, 0.94%, 31, 25, 7, 1342.20
1521617248, 3, 328, 371, 218, 0, 0.94%, 31, 25, 7, 1267.62
1521617278, 3, 328, 373, 220, 0, 0.94%, 31, 25, 7, 1443.79
1521617284, 3, 329, 373, 219, 0, 0.94%, 31, 25, 7, 1456.93
1521617299, 3, 329, 374, 220, 0, 0.94%, 31, 25, 7, 1570.65
1521617304, 3, 330, 374, 219, 0, 0.94%, 31, 25, 7, 1519.10
1521617324, 3, 331, 374, 218, 0, 0.94%, 31, 25, 7, 1502.83
1521617344, 3, 340, 374, 217, 0, 0.94%, 31, 25, 7, 2270.66
1521617355, 3, 341, 374, 216, 0, 0.94%, 31, 28, 7, 1273.15
1521617360, 3, 346, 376, 218, 0, 0.94%, 31, 28, 7, 2390.89
1521617370, 3, 346, 376, 218, 0, 0.94%, 32, 28, 7, 2600.62
1521617375, 3, 346, 378, 220, 0, 0.94%, 32, 29, 7, 2150.59
1521617380, 3, 346, 380, 222, 0, 0.94%, 32, 30, 7, 1801.21
1521617385, 3, 346, 380, 222, 0, 0.94%, 32, 32, 7, 1646.34
1521617391, 3, 346, 380, 222, 0, 0.94%, 32, 33, 7, 32.26
1521617396, 3, 349, 380, 221, 0, 0.94%, 32, 34, 7, 1553.36
1521617418, 3, 349, 380, 221, 0, 0.94%, 32, 35, 7, 219.83
1521617423, 3, 356, 380, 220, 0, 0.94%, 32, 35, 7, 922.79
1521617830, 3, 364, 380, 219, 0, 0.94%, 32, 35, 7, 901.12
1521617876, 3, 364, 381, 220, 0, 0.94%, 32, 35, 7, 983.06
1521617886, 3, 364, 382, 221, 0, 0.94%, 32, 35, 7, 1320.98
1521617891, 3, 366, 382, 220, 0, 0.94%, 32, 35, 7, 1159.13
1521617927, 3, 375, 382, 219, 0, 0.94%, 32, 35, 7, 1271.54
1521617962, 3, 379, 382, 218, 0, 0.94%, 32, 35, 7, 1705.27
1521617983, 3, 379, 385, 221, 0, 0.94%, 32, 36, 8, 1967.46
1521617993, 3, 379, 391, 227, 0, 0.94%, 32, 36, 8, 1934.59
1521617998, 3, 379, 394, 230, 0, 0.94%, 32, 36, 8, 1783.30
1521618013, 3, 381, 394, 229, 0, 0.94%, 32, 36, 8, 1338.21
1521618049, 3, 381, 396, 231, 0, 0.94%, 32, 36, 8, 1079.33
1521618064, 3, 384, 396, 230, 0, 0.94%, 32, 36, 8, 2094.06
1521618095, 3, 387, 396, 229, 0, 0.94%, 32, 36, 8, 1917.84
1521618121, 3, 391, 396, 228, 0, 0.94%, 32, 36, 8, 170.45
1521618126, 3, 391, 397, 229, 0, 0.94%, 32, 36, 9, 289.93
1521618212, 3, 391, 398, 230, 0, 0.94%, 32, 36, 9, 311.02
1521618319, 3, 391, 399, 231, 0, 0.94%, 32, 36, 9, 618.50
1521618325, 3, 393, 400, 231, 0, 0.94%, 32, 36, 9, 79.14
1521618503, 3, 397, 400, 230, 0, 0.94%, 32, 36, 9, 603.18
1521618702, 4, 7, 400, 229, 0, 0.94%, 32, 36, 9, 916.20
1521618723, 4, 11, 400, 228, 0, 0.94%, 32, 36, 9, 2273.91
1521618743, 4, 15, 400, 227, 0, 0.94%, 32, 36, 9, 2434.52
1521618763, 4, 33, 400, 226, 0, 0.94%, 32, 36, 9, 2259.71
1521618783, 4, 35, 400, 225, 0, 0.94%, 32, 36, 9, 2011.35
1521618799, 4, 45, 400, 224, 0, 0.94%, 32, 36, 9, 2004.94
1521618819, 4, 56, 400, 223, 0, 0.94%, 32, 36, 9, 2221.01
1521618840, 4, 61, 400, 222, 0, 0.94%, 32, 36, 9, 2200.47
1521618865, 4, 87, 400, 221, 0, 0.94%, 32, 36, 9, 2665.18
1521618876, 4, 89, 400, 220, 0, 0.94%, 33, 36, 9, 2829.08
1521618886, 4, 97, 400, 219, 0, 0.94%, 33, 36, 9, 2579.35
1521618901, 4, 100, 400, 218, 0, 0.94%, 33, 36, 9, 2003.68
1521618917, 4, 123, 400, 217, 0, 0.94%, 33, 36, 9, 2203.02
1521618927, 4, 127, 400, 216, 0, 0.94%, 33, 36, 9, 2437.61
1521618937, 4, 133, 400, 215, 0, 0.94%, 33, 36, 9, 2648.14
1521618953, 4, 133, 400, 215, 0, 0.94%, 34, 36, 9, 2641.49
1521618958, 4, 137, 400, 214, 0, 0.94%, 34, 36, 9, 2383.11
1521618973, 4, 142, 400, 213, 0, 0.94%, 34, 36, 9, 2615.37
1521618988, 4, 145, 400, 212, 0, 0.94%, 34, 36, 9, 2846.05
1521618998, 4, 160, 400, 211, 0, 0.94%, 34, 36, 9, 2747.88
1521619019, 4, 170, 400, 210, 0, 0.94%, 34, 36, 9, 2541.54
1521619039, 4, 178, 400, 209, 0, 0.94%, 34, 36, 9, 2217.99
1521619055, 4, 192, 400, 208, 0, 0.94%, 34, 36, 9, 2837.24
1521619065, 4, 193, 400, 207, 0, 0.94%, 34, 36, 9, 2753.60
1521619090, 4, 201, 400, 206, 0, 0.94%, 34, 36, 9, 2551.24
1521619100, 4, 221, 400, 205, 0, 0.94%, 34, 36, 9, 2451.37
1521619116, 4, 223, 400, 204, 0, 0.94%, 34, 36, 9, 1436.47
1521619166, 4, 225, 400, 203, 0, 0.94%, 34, 37, 9, 2131.62
1521619181, 4, 225, 401, 204, 0, 0.94%, 34, 37, 9, 2124.35
1521619186, 4, 227, 401, 203, 0, 0.94%, 34, 37, 9, 1309.23
1521619227, 4, 241, 401, 202, 0, 0.94%, 34, 37, 9, 1184.24
1521619247, 4, 241, 401, 202, 0, 0.94%, 35, 37, 9, 901.96
1521619288, 4, 242, 401, 201, 0, 0.94%, 35, 37, 9, 995.43
1521619359, 4, 251, 401, 200, 0, 0.94%, 35, 37, 9, 1116.10
1521619364, 4, 251, 401, 200, 0, 0.94%, 36, 37, 9, 1138.73
1521619415, 4, 255, 401, 199, 0, 0.94%, 36, 37, 9, 1158.33
1521619466, 4, 257, 401, 198, 0, 0.94%, 36, 37, 9, 1214.05
1521619521, 4, 283, 401, 197, 0, 0.94%, 36, 37, 9, 1140.14
1521619572, 4, 293, 401, 196, 0, 0.94%, 36, 37, 9, 1634.86
1521619582, 4, 296, 401, 195, 0, 0.94%, 37, 37, 9, 2502.99
1521619607, 4, 298, 401, 194, 0, 0.94%, 37, 37, 9, 1110.30
1521619663, 4, 307, 401, 193, 0, 0.94%, 37, 37, 9, 1359.32
1521619694, 4, 312, 401, 192, 0, 0.94%, 37, 37, 9, 1301.31
1521619729, 4, 316, 401, 191, 0, 0.94%, 37, 37, 9, 1292.31
1521619760, 4, 322, 401, 190, 0, 0.94%, 37, 37, 9, 1247.14
1521619816, 4, 332, 401, 189, 0, 0.94%, 37, 37, 9, 1570.13
1521619826, 4, 338, 401, 188, 0, 0.94%, 37, 37, 9, 2425.74
1521619836, 4, 344, 401, 187, 0, 0.94%, 37, 37, 9, 1700.35
1521619851, 4, 361, 401, 186, 0, 0.94%, 37, 37, 9, 1501.84
1521635325, 4, 369, 401, 185, 0, 0.94%, 37, 37, 9, 1398.37
1521635330, 4, 369, 401, 185, 0, 0.94%, 38, 37, 9, 1224.87
1521635356, 4, 376, 401, 184, 0, 0.94%, 38, 37, 9, 1418.39
1521635773, 5, 116, 401, 183, 1, 0.94%, 38, 37, 9, 1443.45
1521635794, 5, 324, 401, 182, 1, 0.94%, 38, 37, 9, 2742.72
1521635799, 5, 324, 401, 182, 1, 0.94%, 39, 37, 9, 2821.65
1521635804, 5, 358, 401, 181, 1, 0.94%, 39, 37, 9, 1896.40
1521635834, 5, 360, 401, 180, 0, 0.94%, 39, 37, 9, 1192.25
1521639408, 5, 362, 401, 179, 0, 0.94%, 39, 37, 9, 776.54
1521640835, 5, 373, 401, 178, 0, 0.94%, 39, 37, 9, 1193.14
1521640856, 5, 374, 401, 177, 0, 0.94%, 39, 37, 9, 2342.67
1521640871, 5, 380, 401, 176, 0, 0.94%, 39, 37, 9, 1771.06
1521640927, 5, 389, 401, 175, 0, 0.94%, 39, 37, 9, 1272.88
1521640963, 5, 390, 401, 174, 0, 0.94%, 39, 37, 9, 1151.04
1521641004, 5, 391, 401, 173, 0, 0.94%, 39, 37, 9, 1274.91
1521641009, 6, 6, 401, 173, 0, 0.94%, 39, 37, 9, 2078.44
1521641029, 6, 14, 401, 172, 0, 0.94%, 39, 37, 9, 2257.88
1521641049, 6, 48, 401, 171, 0, 0.94%, 39, 37, 9, 2262.14
1521641070, 6, 58, 401, 170, 0, 0.94%, 39, 37, 9, 2027.27
1521641085, 6, 65, 401, 169, 0, 0.94%, 39, 37, 9, 2012.91
1521641115, 6, 80, 401, 168, 0, 0.94%, 39, 37, 9, 2235.41
1521641131, 6, 95, 401, 167, 0, 0.94%, 39, 37, 9, 2339.44
1521641146, 6, 112, 401, 166, 0, 0.94%, 39, 37, 9, 2661.52
1521641156, 6, 118, 401, 165, 0, 0.94%, 39, 37, 9, 2708.84
1521641171, 6, 119, 401, 164, 0, 0.94%, 39, 37, 9, 2527.61
1521641187, 6, 128, 401, 163, 0, 0.94%, 39, 37, 9, 2467.15
1521641207, 6, 163, 401, 162, 0, 0.94%, 39, 37, 9, 2525.71
1521641222, 6, 168, 401, 161, 0, 0.94%, 39, 37, 9, 2826.63
1521641227, 6, 172, 401, 160, 0, 0.94%, 39, 37, 9, 2654.46
1521641248, 6, 174, 401, 159, 0, 0.94%, 39, 37, 9, 2465.58
1521641253, 6, 182, 401, 159, 0, 0.94%, 39, 37, 9, 2319.44
1521641268, 6, 186, 401, 158, 0, 0.94%, 39, 37, 9, 2660.12
1521641273, 6, 188, 401, 157, 0, 0.94%, 40, 37, 9, 2656.10
1521641278, 6, 189, 401, 157, 0, 0.94%, 40, 37, 9, 2682.66
1521641283, 6, 189, 401, 157, 0, 0.94%, 41, 37, 9, 2587.53
1521641288, 6, 198, 401, 156, 0, 0.94%, 41, 38, 9, 2264.38
1521641314, 6, 211, 401, 155, 0, 0.94%, 41, 38, 9, 2266.28
1521641319, 6, 213, 401, 155, 0, 0.94%, 41, 38, 9, 2806.98
1521641324, 6, 215, 401, 154, 0, 0.94%, 41, 38, 9, 2805.09
1521641340, 6, 244, 401, 153, 0, 0.94%, 41, 38, 9, 1670.98
1521641350, 6, 253, 401, 152, 0, 0.94%, 41, 38, 9, 2320.13
1521641406, 6, 254, 401, 151, 0, 0.94%, 41, 38, 9, 1206.96
1521641461, 6, 263, 401, 150, 0, 0.94%, 41, 38, 9, 1190.12
1521641497, 6, 270, 401, 149, 0, 0.94%, 41, 38, 9, 1281.96
1521641543, 6, 275, 401, 148, 0, 0.94%, 41, 38, 9, 1223.33
1521641579, 6, 281, 401, 147, 0, 0.94%, 41, 38, 9, 1258.60
1521641620, 6, 290, 402, 147, 0, 0.94%, 41, 38, 9, 1293.79
1521641671, 6, 304, 402, 146, 0, 0.94%, 41, 38, 9, 1580.76
1521641676, 6, 320, 402, 146, 0, 0.94%, 41, 38, 9, 1585.42
1521641717, 6, 323, 402, 145, 0, 0.94%, 41, 38, 9, 1243.63
1521641747, 6, 333, 402, 144, 0, 0.94%, 41, 38, 9, 1426.16
1521641768, 6, 339, 402, 143, 0, 0.94%, 41, 38, 9, 1820.79
1521641773, 6, 371, 402, 143, 0, 0.94%, 41, 38, 9, 1617.21
1521641813, 6, 396, 402, 142, 0, 0.94%, 41, 38, 9, 258.85
1521642022, 6, 398, 402, 141, 0, 0.94%, 41, 38, 9, 817.95
1521642073, 6, 400, 402, 140, 0, 0.94%, 41, 38, 9, 978.69
1521642134, 6, 401, 402, 139, 0, 0.94%, 41, 38, 9, 236.00
1521650135, 6, 401, 405, 142, 0, 0.94%, 41, 38, 9, 273.80
1521650145, 6, 401, 406, 143, 0, 0.94%, 41, 38, 9, 288.89
1521650160, 6, 401, 407, 144, 0, 0.94%, 41, 38, 9, 288.07
1521650165, 6, 401, 408, 145, 0, 0.94%, 41, 38, 9, 282.05
1521650252, 6, 402, 408, 144, 0, 0.94%, 41, 38, 9, 236.61
1521658353, 6, 405, 408, 143, 0, 0.94%, 41, 38, 9, 791.87
1521661543, 7, 2, 408, 142, 0, 0.94%, 41, 38, 9, 1301.18
1521661564, 7, 10, 408, 141, 0, 0.94%, 41, 38, 9, 2595.32
1521661579, 7, 43, 408, 140, 0, 0.94%, 41, 38, 9, 2422.76
1521661599, 7, 50, 408, 139, 0, 0.94%, 41, 38, 9, 2164.44
1521661604, 7, 53, 408, 139, 0, 0.94%, 41, 38, 9, 1861.96
1521661620, 7, 55, 408, 138, 0, 0.94%, 41, 38, 9, 2485.55
1521661635, 7, 80, 408, 137, 0, 0.94%, 41, 38, 9, 2416.24
1521661640, 7, 84, 408, 137, 0, 0.94%, 41, 38, 9, 2235.33
1521661655, 7, 90, 408, 136, 0, 0.94%, 41, 38, 9, 2353.24
1521661660, 7, 101, 408, 135, 0, 0.94%, 41, 38, 9, 2261.53
1521661676, 7, 104, 408, 134, 0, 0.94%, 41, 38, 9, 2520.20
1521661701, 7, 125, 408, 133, 0, 0.94%, 41, 38, 9, 2416.81
1521661721, 7, 155, 408, 132, 0, 0.94%, 41, 38, 9, 2422.92
1521661736, 7, 187, 408, 131, 0, 0.94%, 41, 38, 9, 2400.84
1521661757, 7, 196, 408, 130, 0, 0.94%, 41, 38, 9, 2346.44
1521661777, 7, 204, 408, 129, 0, 0.94%, 41, 38, 9, 2731.06
1521661783, 7, 206, 408, 128, 0, 0.94%, 41, 39, 9, 1087.71
1521661788, 7, 231, 408, 128, 0, 0.94%, 41, 39, 9, 2201.07
1521661793, 7, 232, 408, 127, 0, 0.94%, 41, 39, 9, 2731.01
1521661798, 7, 240, 408, 127, 0, 0.94%, 41, 39, 9, 2413.77
1521661819, 7, 245, 408, 126, 0, 0.94%, 41, 39, 9, 2821.48
1521661824, 7, 252, 408, 125, 0, 0.94%, 41, 39, 9, 2023.77
1521661880, 7, 268, 408, 124, 0, 0.94%, 41, 39, 9, 1288.56
1521661906, 7, 269, 408, 123, 0, 0.94%, 41, 39, 9, 1262.78
1521661951, 7, 273, 408, 122, 0, 0.94%, 41, 39, 9, 1244.08
1521661997, 7, 274, 408, 121, 0, 0.94%, 41, 39, 9, 1313.44
1521662027, 7, 297, 408, 120, 0, 0.94%, 41, 39, 9, 1266.99
1521662073, 7, 303, 408, 119, 0, 0.94%, 41, 39, 9, 1213.92
1521662078, 7, 308, 408, 119, 0, 0.94%, 41, 39, 9, 1549.57
1521662114, 7, 321, 408, 118, 0, 0.94%, 41, 39, 9, 1558.85
1521662119, 7, 327, 408, 118, 0, 0.94%, 41, 39, 9, 1212.64
1521662159, 7, 341, 408, 117, 0, 0.94%, 41, 39, 9, 1724.80
1521662165, 7, 368, 408, 117, 0, 0.94%, 41, 39, 9, 1382.87
1521662205, 7, 376, 408, 116, 0, 0.94%, 41, 39, 9, 1437.04
1521662211, 7, 403, 408, 116, 0, 0.94%, 41, 39, 9, 220.73
1521672744, 7, 404, 408, 115, 0, 0.94%, 41, 39, 9, 249.02
